99139
102127
100187
100187
102127
108643
91736
99139
99139
102127
100187
80356
108643
91736
106963
88753
87248
110286
97824
85876
90988
87400
102574
104132
108599
88846
88927
91737
89131
102161
109295
80371
85138
108624
109296
86217
80368
88851
102226
102618
88878
88588
110332
87940
91721
107137
91698
102198
91311
110033
111209
80421
110283
85877
92573
92123
110297
110303
86164
102595
109361
102597
91735
80425
88742
110295
102876
91690
98225
87606
87144
88386
87289
92548
102582
80293
80348
87249
103473
80340
85140
97435
85977
105532
102600
88896
85148
87273
110315
110568
102174
89003
85662
102554
105530
91693
92574
89201
92562
85775
107669
110306
99128
85157
92553
80359
85165
98446
91326
85652
109083
88247
88888
85764
86030
85922
101377
89220
110314
85697
96582
103083
80419
85651
111207
102550
91713
99129
96579
88379
85268
102834
89169
102536
86012
98484
85117
102138
109081
91320
102542
86000
105515
102200
108622
102590
85125
106958
110274
87637
102543
105511
102581
85903
87698
88304
108653
101622
110309
87294
102537
110208
99185
88729
85733
96756
85861
102601
85275
99058
110180
90289
88859
86758
106957
103090
110246
88018
110176
88121
88852
110729
88946
85693
88300
87108
88396
101918
103781
97106
88390
106961
100401
91729
108869
86756
80337
110290
91724
89162
91726
91697
86755
110308
88380
98910
80376
101607
106967
110302
88879
110716
87704
91696
102579
88901
92147
108642
110173
85195
85979
103040
88861
87288
85158
108651
85921
97425
103375
110601
85663
90984
80338
105513
108931
99325
110278
96581
103094
108603
99541
108641
110543
87319
98814
80464
98632
88953
102615
89029
110287
96620
85276
106969
92572
86210
109297
87918
85717
103081
103252
101579
80344
103358
87134
89058
110137
104157
86775
88734
102591
80366
108933
90753
109145
102544
110165
102578
88011
88019
80362
102616
91733
107688
87389
110328
85239
90730
85096
99073
110311
88943
102549
88845
102209
101479
109711
108649
93293
80415
99205
103211
102201
102548
85152
99353
88900
92571
111092
80405
102997
103464
90987
88310
109146
102538
90558
88351
110307
87266
85900
110317
80422
80360
102833
98860
90262
106971
110674
85958
91351
88177
80465
80304
86774
85755
109893
92561
85909
110299
92554
108654
102228
102589
96694
85998
108652
99119
102602
88539
85972
80404
86014
90559
89109
88882
89115
107197
89063
85301
88971
88509
88881
107138
89138
99138
85992
110289
102178
88105
108934
98054
85923
99062
88947
110300
86013
110310
102580
102540
85086
110273
85653
85274
102596
88837
110423
87958
80353
110323
106966
102583
110171
91287
80384
87465
102577
108600
85976
91730
105526
85225
110331
87087
97507
105517
109148
102599
85116
102197
99053
110312
102142
92534
85704
99194
91739
91723
88858
87464
99195
80266
101032
108618
90575
91289
80343
110305
87466
99289
100422
111088
102196
102555
102545
98914
102617
91709
98205
98223
102752
85713
99440
87237
87460
105534
102162
87156
90400
106802
110281
87226
80265
109643
86759
88250
105521
87254
107198
93579
89114
85905
80407
87329
101610
80260
85949
109359
110294
106962
99339
110319
85137
98630
108867
110510
91695
110272
88510
98963
92107
80374
102573
92560
101460
80274
105524
100185
87295
108614
102154
108175
108639
110316
110282
98911
110404
107199
91094
98227
87394
80411
85099
85692
91719
100420
107078
100186
110570
85194
80467
96763
99190
102584
100111
85094
80409
91707
87078
88735
108629
85682
88381
102137
108620
85098
110296
99454
102546
102619
99072
102609
108602
106968
85885
98631
110675
101412
90560
110313
85941
107707
108868
99252
87327
99124
110304
89049
86216
107080
108663
80427
85226
102613
91091
87957
102611
88532
92570
110279
111084
80259
110178
85716
88880
85124
91728
110275
87111
88931
109360
87130
80417
102603
85667
110271
89204
85710
110292
110318
92505
88857
106960
86773
110320
102208
100400
90576
85878
110327
100399
80267
107079
85153
88674
85669
88581
101027
97107
110329
87105
92162
102587
110284
105528
87680
80388
86212
109658
103062
80429
103005
111208
110175
88501
109147
110293
87610
91288
101451
85985
107200
107139
85149
93307
80385
98070
85858
88664
110181
85090
110298
102607
88865
101310
110324
110276
88404
102608
102227
88932
98912
87442
110321
98224
110277
109362
110285
90574
98222
91284
85774
85989
99491
91732
88598
101434
109082
85864
87128
108932
91731
88477
102199
102614
89137
102535
109870
87318
85258
98226
87703
110325
105523
98919
86163
102860
88680
106964
85986
88114
87255
91722
97105
87328
99063
99204
110288
88278
101406
91734
103409
80430
91704
110322
98859
102551
102210
110551
88374
85981
87091
102552
102136
91720
88915
110291
87952
108613
87641
89116
88948
101320
89222
96764
102639
85719
85661
88992
86039
110544
110280
102160
88923
91349
107077
88403
88429
80269
80395
87290
99327
85668
100813
103055
85691
98178
106959
102436
106801
102610
106970
99390
91092
103084
85654
100421
88056
102547
102539
103095
98519
85865
86165
92074
106803
85863
85166
88972
92067
108662
110301
106965
91090
85712
102541
88922
102184
102553
101971
101905
85259
109663
96640
87269
